Our Results:
A: [[ 0.73051926  0.26948074  0.0  0.0]
 [ 0.0  4.2200337e-527  1.0  0.0]
 [ 0.0  0.0  0.47706229  0.52293771]
 [ 1.0  0.0  0.0  7.8499626e-426]]
B: [[ 1.0  0.0  0.0  0.0]
 [ 0.084427546  0.0  0.91557245  0.0]
 [ 0.019529611  0.74125375  0.1181616  0.12105504]
 [ 0.091452405  0.0  0.0  0.9085476]]
Pi: [ 0.0  0.0  1.0  0.0]

Guy's Results:
A: [[ 0.73052064  0.26947936  0.0  0.0]
 [ 0.0  4.5400454e-460  1.0  0.0]
 [ 0.0  0.0  0.47706473  0.52293527]
 [ 1.0  0.0  0.0  2.754325e-375]]
B: [[ 1.0  0.0  0.0  0.0]
 [ 0.084210145  0.0  0.91578986  0.0]
 [ 0.019530883  0.74125349  0.11807407  0.12114156]
 [ 0.091614583  0.0  0.0  0.90838542]]
Pi: [ 0.0  0.0  1.0  0.0]

