Our Results:
A: [[ 0.81196025  0.18803975  0.0  0.0]
 [ 0.0  9.8117686e-304  1.0  0.0]
 [ 0.0  0.0  0.38188347  0.61811653]
 [ 1.0  0.0  0.0  1.0879857e-317]]
B: [[ 0.86449806  0.0023080861  0.066598702  0.066595155]
 [ 0.0  0.016592151  0.98340785  0.0]
 [ 0.0  1.0  0.0  0.0]
 [ 0.0  0.016573281  0.0  0.98342672]]
Pi: [ 1.0  0.0  0.0  0.0]

Guy's Results:
A: [[ 0.81196034  0.18803966  0.0  0.0]
 [ 0.0  8.7767906e-329  1.0  0.0]
 [ 0.0  0.0  0.38188332  0.61811668]
 [ 1.0  0.0  0.0  2.1550636e-292]]
B: [[ 0.86444757  0.0023089963  0.066620688  0.066622742]
 [ 0.0  0.01657751  0.98342249  0.0]
 [ 0.0  1.0  0.0  0.0]
 [ 0.0  0.016588434  0.0  0.98341157]]
Pi: [ 1.0  0.0  0.0  0.0]

